return {

Vector3.new(-4.50000572, -1.10000515, 3.00999451),
Vector3.new(-4.50000572, 2.89999485, 3.00999451),
Vector3.new(-4.50000572, -1.10000515, 3.00999451),
Vector3.new(-6.00000572, -1.10000515, 3.00999451),
Vector3.new(-6.00000572, 2.89999485, 3.00999451),
Vector3.new(-4.50000572, 2.89999485, 3.00999451),
Vector3.new(-6.00000572, 2.89999485, 3.00999451),
Vector3.new(-6.00000572, 2.89999485, 6.00999451),
Vector3.new(-6.00000572, -1.10000515, 6.00999451),
Vector3.new(-6.00000572, -1.10000515, 3.00999451),
Vector3.new(-6.00000572, -1.10000515, 6.00999451),
Vector3.new(-6.00000572, 2.89999485, 6.00999451),
Vector3.new(-3.00000596, 2.89999485, 6.00999451),
Vector3.new(-3.00000596, -1.10000515, 6.00999451),
Vector3.new(-6.00000572, -1.10000515, 6.00999451),
Vector3.new(-3.00000596, -1.10000515, 6.00999451),
Vector3.new(-3.00000596, 2.89999485, 6.00999451),
Vector3.new(-3.00000596, 2.89999485, 4.50999451),
Vector3.new(-3.00000596, -1.10000515, 4.50999451),
Vector3.new(-3.00000596, -1.10000515, 6.00999451),
Vector3.new(-3.00000596, -1.10000515, 4.50999451),
Vector3.new(-3.00000596, 2.89999485, 4.50999451),
Vector3.new(-2.60000587, 2.89999485, 4.50999451),
Vector3.new(-2.60000587, 2.89999485, 6.51000214),
Vector3.new(-6.40000534, 2.89999485, 6.51000214),
Vector3.new(-6.40000534, 2.89999485, 2.50998688),
Vector3.new(-2.60000539, 2.89999485, 2.50998688),
Vector3.new(-2.60000539, 2.89999485, 4.50999451),
Vector3.new(-2.60000539, 2.89999485, 2.50998688),
Vector3.new(-2.60000539, 3.69999409, 2.50998688),
Vector3.new(-2.60000539, 3.69999409, 3.50999069),
Vector3.new(-2.60000539, 2.89999485, 3.50999069),
Vector3.new(-2.60000539, 2.89999485, 3.90999222),
Vector3.new(-2.60000539, 3.69999409, 3.90999222),
Vector3.new(-2.60000539, 3.69999409, 4.90999603),
Vector3.new(-2.60000539, 2.89999485, 4.90999603),
Vector3.new(-2.60000539, 2.89999485, 5.50999832),
Vector3.new(-2.60000539, 3.69999409, 5.50999832),
Vector3.new(-2.60000539, 3.69999409, 6.51000214),
Vector3.new(-3.00000548, 3.69999409, 6.51000214),
Vector3.new(-3.00000548, 2.89999485, 6.51000214),
Vector3.new(-3.20000553, 2.89999485, 6.51000214),
Vector3.new(-3.20000553, 3.69999409, 6.51000214),
Vector3.new(-4.20000553, 3.69999409, 6.51000214),
Vector3.new(-4.20000553, 2.89999485, 6.51000214),
Vector3.new(-4.80000544, 2.89999485, 6.51000214),
Vector3.new(-4.80000544, 3.69999409, 6.51000214),
Vector3.new(-5.80000544, 3.69999409, 6.51000214),
Vector3.new(-5.80000544, 2.89999485, 6.51000214),
Vector3.new(-6.00000572, 2.89999485, 6.51000214),
Vector3.new(-6.00000572, 3.69999409, 6.51000214),
Vector3.new(-6.40000534, 3.69999409, 6.51000214),
Vector3.new(-6.40000534, 3.69999409, 5.50999832),
Vector3.new(-6.40000534, 2.89999485, 5.50999832),
Vector3.new(-6.40000534, 2.89999485, 5.1099968),
Vector3.new(-6.40000534, 3.69999409, 5.1099968),
Vector3.new(-6.40000534, 3.69999409, 4.10999298),
Vector3.new(-6.40000534, 2.89999485, 4.10999298),
Vector3.new(-6.40000534, 2.89999485, 3.50999069),
Vector3.new(-6.40000534, 3.69999409, 3.50999069),
Vector3.new(-6.40000534, 3.69999409, 2.50998688),
Vector3.new(-6.00000572, 3.69999409, 2.50998688),
Vector3.new(-6.00000572, 2.89999485, 2.50998688),
Vector3.new(-5.80000544, 2.89999485, 2.50998688),
Vector3.new(-5.80000544, 3.69999409, 2.50998688),
Vector3.new(-4.80000544, 3.69999409, 2.50998688),
Vector3.new(-4.80000544, 2.89999485, 2.50998688),
Vector3.new(-4.20000553, 2.89999485, 2.50998688),
Vector3.new(-4.20000553, 3.69999409, 2.50998688),
Vector3.new(-3.20000529, 3.69999409, 2.50998688),
Vector3.new(-3.20000529, 2.89999485, 2.50998688),
Vector3.new(-3.00000525, 2.89999485, 2.50998688),
Vector3.new(-3.00000525, 3.69999409, 2.50998688),
Vector3.new(-2.60000515, 3.69999409, 2.50998688),
Vector3.new(-2.60000515, 2.89999485, 2.50998688),
Vector3.new(-2.60000515, 2.89999485, 4.50999451),
Vector3.new(-3.00000525, 2.89999485, 4.50999451),
Vector3.new(-3.00000525, -1.10000205, 4.50999451),
Vector3.new(2.99999261, -1.10000205, 4.50999451),
Vector3.new(2.99999261, 2.69999647, 4.50999451),
Vector3.new(2.99999261, -1.10000205, 4.50999451),
Vector3.new(2.99999261, -1.10000205, 5.90999985),
Vector3.new(2.99999261, 2.69999599, 5.90999985),
Vector3.new(2.99999261, 2.69999647, 4.50999451),
Vector3.new(2.99999261, 2.69999599, 5.90999985),
Vector3.new(5.99999046, 2.69999599, 5.90999985),
Vector3.new(5.99999046, -1.10000157, 5.90999985),
Vector3.new(2.99999309, -1.10000157, 5.90999985),
Vector3.new(5.99999046, -1.10000157, 5.90999985),
Vector3.new(5.99999046, -1.10000157, 2.90999603),
Vector3.new(5.99999046, 2.69999552, 2.90999603),
Vector3.new(5.99999046, 2.69999599, 5.90999985),
Vector3.new(5.99999046, 2.69999552, 2.90999603),
Vector3.new(4.39999199, 2.69999552, 2.90999603),
Vector3.new(4.39999199, -1.10000253, 2.90999603),
Vector3.new(4.39999199, 2.6999979, 2.90999603),
Vector3.new(4.39999199, 2.6999979, 2.50999451),
Vector3.new(6.39999294, 2.6999979, 2.50999451),
Vector3.new(6.39999294, 2.6999979, 6.51000595),
Vector3.new(2.59999394, 2.6999979, 6.51000595),
Vector3.new(2.59999394, 2.6999979, 2.50999832),
Vector3.new(6.39999104, 2.6999979, 2.50999832),
Vector3.new(6.39999104, 3.69999695, 2.50999832),
Vector3.new(6.39999104, 3.69999695, 3.51000214),
Vector3.new(6.39999104, 2.6999979, 3.51000214),
Vector3.new(6.39999104, 2.6999979, 3.91000366),
Vector3.new(6.39999104, 3.69999695, 3.91000366),
Vector3.new(6.39999104, 3.69999695, 4.91000748),
Vector3.new(6.39999104, 2.6999979, 4.91000748),
Vector3.new(6.39999104, 2.6999979, 5.51000977),
Vector3.new(6.39999104, 3.69999695, 5.51000977),
Vector3.new(6.39999104, 3.69999695, 6.51001358),
Vector3.new(5.99999142, 3.69999695, 6.51001358),
Vector3.new(5.99999142, 2.6999979, 6.51001358),
Vector3.new(5.79999161, 2.6999979, 6.51001358),
Vector3.new(5.79999161, 3.69999695, 6.51001358),
Vector3.new(4.79999256, 3.69999695, 6.51001358),
Vector3.new(4.79999256, 2.6999979, 6.51001358),
Vector3.new(4.19999313, 2.6999979, 6.51001358),
Vector3.new(4.19999313, 3.69999695, 6.51001358),
Vector3.new(3.19999385, 3.69999695, 6.51001358),
Vector3.new(3.19999385, 2.6999979, 6.51001358),
Vector3.new(2.99999404, 2.6999979, 6.51001358),
Vector3.new(2.99999404, 3.69999695, 6.51001358),
Vector3.new(2.39999461, 3.69999695, 6.51001358),
Vector3.new(2.39999461, 3.69999695, 5.51000977),
Vector3.new(2.39999461, 2.6999979, 5.51000977),
Vector3.new(2.39999461, 2.6999979, 5.11000824),
Vector3.new(2.39999461, 3.69999695, 5.11000824),
Vector3.new(2.39999461, 3.69999695, 3.91000366),
Vector3.new(2.39999461, 2.6999979, 3.91000366),
Vector3.new(2.39999461, 2.6999979, 3.51000214),
Vector3.new(2.39999461, 3.69999695, 3.51000214),
Vector3.new(2.39999461, 3.69999695, 2.50999832),
Vector3.new(2.99999404, 3.69999695, 2.50999832),
Vector3.new(2.99999404, 2.6999979, 2.50999832),
Vector3.new(3.19999385, 2.6999979, 2.50999832),
Vector3.new(3.19999385, 3.69999695, 2.50999832),
Vector3.new(4.19999313, 3.69999695, 2.50999832),
Vector3.new(4.19999313, 2.6999979, 2.50999832),
Vector3.new(4.79999256, 2.6999979, 2.50999832),
Vector3.new(4.79999256, 3.69999695, 2.50999832),
Vector3.new(5.5999918, 3.69999695, 2.50999832),
Vector3.new(5.5999918, 2.6999979, 2.50999832),
Vector3.new(5.99999142, 2.6999979, 2.50999832),
Vector3.new(5.99999142, 3.69999695, 2.50999832),
Vector3.new(5.99999142, 2.6999979, 2.50999832),
Vector3.new(4.39999294, 2.6999979, 2.50999832),
Vector3.new(4.39999294, 2.6999979, 2.90999985),
Vector3.new(4.39999294, -1.09999895, 2.90999985),
Vector3.new(5.99999142, -1.09999895, 2.90999985),
Vector3.new(4.39999294, -1.09999895, 2.90999985),
Vector3.new(4.39999294, -1.09999895, -2.88999557),
Vector3.new(4.39999294, 2.69999838, -2.88999557),
Vector3.new(4.39999294, -1.10000062, -2.88999557),
Vector3.new(5.99999142, -1.10000062, -2.88999557),
Vector3.new(5.99999142, 2.69999743, -2.88999557),
Vector3.new(4.39999294, 2.69999743, -2.88999557),
Vector3.new(5.99999142, 2.69999743, -2.88999557),
Vector3.new(5.99999142, 2.69999743, -5.88999271),
Vector3.new(5.99999142, -1.10000062, -5.88999271),
Vector3.new(5.99999142, -1.10000062, -2.88999462),
Vector3.new(5.99999142, -1.10000062, -5.88999271),
Vector3.new(2.99999404, -1.10000062, -5.88999271),
Vector3.new(2.99999404, 2.69999886, -5.88999271),
Vector3.new(5.99999237, 2.69999886, -5.88999271),
Vector3.new(2.99999261, 2.69999886, -5.88999271),
Vector3.new(2.99999261, 2.69999886, -4.48999405),
Vector3.new(2.99999261, -1.09999847, -4.48999405),
Vector3.new(2.99999261, 2.69999981, -4.48999405),
Vector3.new(2.39999318, 2.69999981, -4.48999405),
Vector3.new(2.39999318, 2.69999981, -6.48999214),
Vector3.new(6.39999104, 2.69999981, -6.48999214),
Vector3.new(6.39999104, 2.69999981, -2.48999596),
Vector3.new(2.39999366, 2.69999981, -2.48999596),
Vector3.new(2.39999366, 2.69999981, -6.48999548),
Vector3.new(2.39999366, 3.69999886, -6.48999548),
Vector3.new(2.99999309, 3.69999886, -6.48999548),
Vector3.new(2.99999309, 2.69999981, -6.48999548),
Vector3.new(3.1999929, 2.69999981, -6.48999548),
Vector3.new(3.1999929, 3.69999886, -6.48999548),
Vector3.new(4.19999218, 3.69999886, -6.48999548),
Vector3.new(4.19999218, 2.69999981, -6.48999548),
Vector3.new(4.79999161, 2.69999981, -6.48999548),
Vector3.new(4.79999161, 3.69999886, -6.48999548),
Vector3.new(5.59999084, 3.69999886, -6.48999548),
Vector3.new(5.59999084, 2.69999981, -6.48999548),
Vector3.new(5.99999046, 2.69999981, -6.48999548),
Vector3.new(5.99999046, 3.69999886, -6.48999548),
Vector3.new(6.39999008, 3.69999886, -6.48999548),
Vector3.new(6.39999008, 3.69999886, -5.48999596),
Vector3.new(6.39999008, 2.69999981, -5.48999596),
Vector3.new(6.39999008, 2.69999981, -4.88999653),
Vector3.new(6.39999008, 3.69999886, -4.88999653),
Vector3.new(6.39999008, 3.69999886, -4.08999729),
Vector3.new(6.39999008, 2.69999981, -4.08999729),
Vector3.new(6.39999008, 2.69999981, -3.48999786),
Vector3.new(6.39999008, 3.69999886, -3.48999786),
Vector3.new(6.39999008, 3.69999886, -2.48999882),
Vector3.new(5.99999046, 3.69999886, -2.48999882),
Vector3.new(5.99999046, 2.69999981, -2.48999882),
Vector3.new(5.79999065, 2.69999981, -2.48999882),
Vector3.new(5.79999065, 3.69999886, -2.48999882),
Vector3.new(4.79999161, 3.69999886, -2.48999882),
Vector3.new(4.79999161, 2.69999981, -2.48999882),
Vector3.new(4.19999218, 2.69999981, -2.48999882),
Vector3.new(4.19999218, 3.69999886, -2.48999882),
Vector3.new(3.3999927, 3.69999886, -2.48999882),
Vector3.new(3.3999927, 2.69999981, -2.48999882),
Vector3.new(2.99999309, 2.69999981, -2.48999882),
Vector3.new(2.99999309, 3.69999886, -2.48999882),
Vector3.new(2.39999366, 3.69999886, -2.48999977),
Vector3.new(2.39999366, 3.69999886, -3.48999882),
Vector3.new(2.39999366, 2.69999981, -3.48999882),
Vector3.new(2.39999366, 2.69999981, -4.08999825),
Vector3.new(2.39999366, 3.69999886, -4.08999825),
Vector3.new(2.39999366, 3.69999886, -4.88999748),
Vector3.new(2.39999366, 2.69999981, -4.88999748),
Vector3.new(2.39999366, 2.69999981, -5.48999691),
Vector3.new(2.39999366, 3.69999886, -5.48999691),
Vector3.new(2.39999366, 3.69999886, -6.48999596),
Vector3.new(2.39999366, 2.69999981, -6.48999596),
Vector3.new(2.39999366, 2.69999981, -4.48999786),
Vector3.new(2.99999309, 2.69999981, -4.48999786),
Vector3.new(2.99999309, -1.09999752, -4.48999786),
Vector3.new(2.99999309, -1.09999752, -5.88999653),
Vector3.new(2.99999309, -1.09999752, -4.48999786),
Vector3.new(-3.00000548, -1.09999752, -4.48999786),
Vector3.new(-3.00000548, 2.69999981, -4.48999786),
Vector3.new(-3.00000548, -1.09999847, -4.48999786),
Vector3.new(-3.00000548, -1.09999847, -5.88999653),
Vector3.new(-3.00000548, 2.69999981, -5.88999653),
Vector3.new(-3.00000548, 2.69999981, -4.48999786),
Vector3.new(-3.00000548, 2.69999981, -5.88999653),
Vector3.new(-6.00000572, 2.69999981, -5.88999653),
Vector3.new(-6.00000572, -1.10000062, -5.88999653),
Vector3.new(-3.00000548, -1.10000062, -5.88999653),
Vector3.new(-6.00000572, -1.10000062, -5.88999653),
Vector3.new(-6.00000572, -1.10000062, -2.88999939),
Vector3.new(-6.00000572, 2.69999743, -2.88999939),
Vector3.new(-6.00000572, 2.69999743, -5.88999653),
Vector3.new(-6.00000572, 2.69999743, -2.88999939),
Vector3.new(-4.40000534, 2.69999743, -2.88999939),
Vector3.new(-4.40000534, -1.09999895, -2.88999939),
Vector3.new(-6.00000572, -1.09999895, -2.88999939),
Vector3.new(-4.40000534, -1.09999895, -2.88999939),
Vector3.new(-4.40000534, 2.69999981, -2.88999939),
Vector3.new(-4.40000534, 2.69999981, -2.48999977),
Vector3.new(-6.40000582, 2.69999981, -2.48999977),
Vector3.new(-6.40000582, 2.69999981, -6.48999786),
Vector3.new(-2.60000563, 2.69999981, -6.48999786),
Vector3.new(-2.60000563, 2.69999981, -2.49000168),
Vector3.new(-6.40000582, 2.69999981, -2.49000168),
Vector3.new(-6.40000582, 3.69999886, -2.49000168),
Vector3.new(-6.40000582, 3.69999886, -3.49000072),
Vector3.new(-6.40000582, 2.69999981, -3.49000072),
Vector3.new(-6.40000582, 2.69999981, -4.09000015),
Vector3.new(-6.40000582, 3.69999886, -4.09000015),
Vector3.new(-6.40000582, 3.69999886, -4.88999939),
Vector3.new(-6.40000582, 2.69999981, -4.88999939),
Vector3.new(-6.40000582, 2.69999981, -5.48999882),
Vector3.new(-6.40000582, 3.69999886, -5.48999882),
Vector3.new(-6.40000582, 3.69999886, -6.48999786),
Vector3.new(-6.00000572, 3.69999886, -6.48999786),
Vector3.new(-6.00000572, 2.69999981, -6.48999786),
Vector3.new(-5.60000563, 2.69999981, -6.48999786),
Vector3.new(-5.60000563, 3.69999886, -6.48999786),
Vector3.new(-4.80000544, 3.69999886, -6.48999786),
Vector3.new(-4.80000544, 2.69999981, -6.48999786),
Vector3.new(-4.20000553, 2.69999981, -6.48999786),
Vector3.new(-4.20000553, 3.69999886, -6.48999786),
Vector3.new(-3.40000558, 3.69999886, -6.48999786),
Vector3.new(-3.40000558, 2.69999981, -6.48999786),
Vector3.new(-3.00000548, 2.69999981, -6.48999786),
Vector3.new(-3.00000548, 3.69999886, -6.48999786),
Vector3.new(-2.60000563, 3.69999886, -6.48999786),
Vector3.new(-2.60000563, 3.69999886, -5.48999882),
Vector3.new(-2.60000563, 2.69999981, -5.48999882),
Vector3.new(-2.60000563, 2.69999981, -4.88999939),
Vector3.new(-2.60000563, 3.69999886, -4.88999939),
Vector3.new(-2.60000563, 3.69999886, -4.09000015),
Vector3.new(-2.60000563, 2.69999981, -4.09000015),
Vector3.new(-2.60000563, 2.69999981, -3.49000072),
Vector3.new(-2.60000563, 3.69999886, -3.49000072),
Vector3.new(-2.60000563, 3.69999886, -2.49000168),
Vector3.new(-3.00000548, 3.69999886, -2.49000168),
Vector3.new(-3.00000548, 2.69999981, -2.49000168),
Vector3.new(-3.40000558, 2.69999981, -2.49000168),
Vector3.new(-3.40000558, 3.69999886, -2.49000168),
Vector3.new(-4.40000534, 3.69999886, -2.49000168),
Vector3.new(-4.40000534, 2.69999981, -2.49000168),
Vector3.new(-4.80000544, 2.69999981, -2.49000168),
Vector3.new(-4.80000544, 3.69999886, -2.49000168),
Vector3.new(-5.60000563, 3.69999886, -2.49000168),
Vector3.new(-5.60000563, 2.69999981, -2.49000168),
Vector3.new(-6.00000572, 2.69999981, -2.49000168),
Vector3.new(-6.00000572, 3.69999886, -2.49000168),
Vector3.new(-6.40000582, 3.69999886, -2.49000168),
Vector3.new(-6.40000582, 2.69999981, -2.49000168),
Vector3.new(-4.40000534, 2.69999981, -2.49000168),
Vector3.new(-4.40000534, 2.69999981, -2.8900013),
Vector3.new(-4.40000534, -1.09999752, -2.8900013),
Vector3.new(-4.60000563, -1.09999752, 2.90999985),
Vector3.new(-4.60000563, 1.9000001, 2.90999985),
Vector3.new(-4.60000563, 1.9000001, -2.88999939),
Vector3.new(-4.60000563, 2.69999933, -2.88999939),
Vector3.new(-4.60000563, 2.69999933, -2.48999977),
Vector3.new(-2.60000563, 2.69999933, -2.48999977),
Vector3.new(-2.60000563, 2.69999933, -4.68999767),
Vector3.new(-3.00000548, 2.69999933, -4.68999767),
Vector3.new(-3.00000548, 1.9000001, -4.68999767),
Vector3.new(2.99999261, 1.9000001, -4.68999767),
Vector3.new(2.99999261, 2.69999933, -4.68999767),
Vector3.new(2.39999318, 2.69999933, -4.68999767),
Vector3.new(2.39999318, 2.69999933, -2.48999977),
Vector3.new(4.39999199, 2.69999933, -2.48999977),
Vector3.new(4.39999199, 2.69999933, -2.88999939),
Vector3.new(4.39999199, 1.9000001, -2.88999939),
Vector3.new(4.39999199, 1.9000001, 2.91000366),
Vector3.new(4.39999199, 2.69999933, 2.91000366),
Vector3.new(4.39999199, 2.69999933, 2.51000214),
Vector3.new(2.59999347, 2.69999933, 2.51000214),
Vector3.new(2.59999347, 2.69999933, 4.71001053),
Vector3.new(2.79999328, 2.69999933, 4.71001053),
Vector3.new(2.79999328, 1.9000001, 4.71001053),
Vector3.new(-3.00000644, 1.9000001, 4.71001053),
Vector3.new(-3.00000644, -1.09999704, 4.71001053),
Vector3.new(-1.10000706, -1.09999704, 4.71001053),
Vector3.new(-1.10000706, 0.900002003, 4.71001053),
Vector3.new(-0.700007439, 1.30000162, 4.71001053),
Vector3.new(-0.500007629, 1.60000134, 4.71001053),
Vector3.new(-0.0500080585, 1.90000105, 4.71001053),
Vector3.new(0.399991751, 1.60000134, 4.71001053),
Vector3.new(0.59999156, 1.30000162, 4.71001053),
Vector3.new(0.999991655, 0.900002003, 4.71001053),
Vector3.new(0.999991655, -1.09999657, 4.71001053),
Vector3.new(2.99999166, -1.09999657, 4.71001053),
Vector3.new(2.99999166, -0.899996758, 4.71001053),


}
