return {

Vector3.new(-8.70006943, 1.20000362, -0.699981689),
Vector3.new(-8.70006943, 1.20000362, 0.899997711),
Vector3.new(-7.90006638, 0.300004482, 0.899997711),
Vector3.new(-7.90006638, 0.300004482, -0.599990845),
Vector3.new(-8.70006943, 1.20000362, -0.699981689),
Vector3.new(-7.90006638, 0.300004482, -0.599990845),
Vector3.new(5.49992371, 0.300004482, -0.699981689),
Vector3.new(5.49991608, 0.300004482, 0.899997711),
Vector3.new(-7.9000988, 0.300004482, 0.899997711),
Vector3.new(-8.70006943, 1.20000362, 0.899997711),
Vector3.new(-7.3000679, 2.40000296, 0.899997711),
Vector3.new(-7.3000679, 2.40000296, -0.699993134),
Vector3.new(-8.70007324, 1.20000362, -0.699993134),
Vector3.new(-6.60006523, 1.40000343, -0.699993134),
Vector3.new(-7.3000679, 2.40000296, -0.699993134),
Vector3.new(-6.60006523, 1.40000343, -0.699993134),
Vector3.new(-6.60006523, 1.40000343, 0.899997711),
Vector3.new(-7.3000679, 2.40000296, 0.899997711),
Vector3.new(-3.80006409, 3.30000544, 0.899997711),
Vector3.new(-3.80006409, 3.30000544, -0.700000763),
Vector3.new(-3.80006409, 3.30000544, 0.899997711),
Vector3.new(-3.80006409, 2.00000381, 0.899997711),
Vector3.new(-6.60006523, 1.40000439, 0.899997711),
Vector3.new(-3.80006409, 2.00000381, 0.899997711),
Vector3.new(-3.80006409, 2.00000381, -0.699977875),
Vector3.new(-6.60006714, 1.40000439, -0.699977875),
Vector3.new(-7.30006981, 2.40000391, -0.699977875),
Vector3.new(-3.80006218, 3.30000734, -0.699977875),
Vector3.new(-3.80006218, 2.00000477, -0.699977875),
Vector3.new(-3.80006218, 3.3000083, -0.699977875),
Vector3.new(-3.80006218, 3.3000083, 0.90001297),
Vector3.new(-7.30007362, 2.40000677, 0.90001297),
Vector3.new(-6.60007095, 1.40000725, 0.90001297),
Vector3.new(-8.70007896, 1.20000744, 0.90001297),
Vector3.new(-6.60007095, 1.40000725, 0.90001297),
Vector3.new(-7.30007362, 2.40000677, 0.90001297),
Vector3.new(-3.80007362, 3.30000925, 0.90001297),
Vector3.new(4.39994049, 2.20000744, 0.90001297),
Vector3.new(5.49992371, 2.20000744, 0.90001297),
Vector3.new(5.49992371, 0.30000782, 0.90001297),
Vector3.new(5.49992371, 0.30000782, -0.699981689),
Vector3.new(5.49992371, 2.20000648, -0.699966431),
Vector3.new(5.49992371, 2.20000648, 0.900009155),
Vector3.new(5.49992371, 2.20000648, -0.699966431),
Vector3.new(4.39994049, 2.20000648, -0.699966431),
Vector3.new(4.39994049, 2.20000648, 0.900009155),
Vector3.new(4.39994049, 2.20000648, -0.699966431),
Vector3.new(-3.8000679, 3.30000734, -0.699966431),
Vector3.new(-3.8000679, 0.700005054, -0.699966431),
Vector3.new(-2.70006371, 0.700005054, -2.09996414),
Vector3.new(-2.70006371, 2.00000381, -2.09996414),
Vector3.new(-3.8000679, 2.00000381, -0.699985504),
Vector3.new(5.49991226, 2.00000381, -0.699985504),
Vector3.new(5.49991226, 2.00000381, -2.09996414),
Vector3.new(-2.70008278, 2.00000381, -2.09996414),
Vector3.new(5.49991226, 2.00000381, -2.09996414),
Vector3.new(5.49991226, 0.700005054, -2.09996414),
Vector3.new(-2.70009232, 0.700005054, -2.09996414),
Vector3.new(5.49991226, 0.700005054, -2.09996414),
Vector3.new(5.49991226, 0.700005054, -0.699985504),
Vector3.new(-3.80008316, 0.700005054, -0.699985504),
Vector3.new(-2.70007896, 0.700005054, -2.09997177),
Vector3.new(-2.70007896, 1.30000448, -2.09997177),
Vector3.new(-1.90007591, 1.30000448, -2.09997177),
Vector3.new(-1.90007591, 1.20000458, -2.09997177),
Vector3.new(-1.90007591, 1.40000439, -2.09997177),
Vector3.new(4.99992371, 1.40000439, -9.5999527),
Vector3.new(4.99992371, 1.20000458, -9.5999527),
Vector3.new(-1.90007782, 1.20000458, -2.09996796),
Vector3.new(4.99992371, 1.20000458, -9.5999527),
Vector3.new(4.99992371, 1.20000458, -2.09998703),
Vector3.new(4.99992371, 1.40000439, -2.09998703),
Vector3.new(4.99992371, 1.40000439, -9.59996414),
Vector3.new(4.99992371, 1.40000439, -2.09998703),
Vector3.new(-1.90007973, 1.40000439, -2.09998703),
Vector3.new(-1.90007973, 1.20000458, -2.09998703),
Vector3.new(4.99993134, 1.20000458, -2.09998703),
Vector3.new(4.99993134, 1.30000448, -2.09998703),
Vector3.new(5.49992371, 1.30000448, -2.09998703),
Vector3.new(5.49992371, 2.00000381, -2.09998703),
Vector3.new(-0.800037384, 2.00000381, -2.09998703),
Vector3.new(-0.800037384, 2.00000381, -1.79999161),
Vector3.new(-0.800037384, 2.00000381, -0.700008392),
Vector3.new(-0.800037384, 2.00000381, -1.79999161),
Vector3.new(1.49996185, 2.90000582, -1.79999161),
Vector3.new(1.49996185, 2.90000582, -0.700004578),
Vector3.new(-0.800048828, 2.00000381, -0.700004578),
Vector3.new(1.49996185, 2.90000582, -0.700004578),
Vector3.new(5.49992371, 2.90000582, -0.700004578),
Vector3.new(5.49992371, 2.90000582, -1.79998779),
Vector3.new(1.49998856, 2.90000582, -1.79998779),
Vector3.new(1.49998856, 2.90000582, -0.700000763),
Vector3.new(1.49998856, 2.90000582, -1.79998398),
Vector3.new(5.49992371, 2.90000582, -1.79998779),
Vector3.new(5.49996948, 2.00000381, -1.79998779),
Vector3.new(5.49996948, 2.00000381, -0.700004578),
Vector3.new(5.49992371, 2.90000582, -0.700004578),
Vector3.new(5.49996948, 2.00000477, -0.700004578),
Vector3.new(5.49996948, 2.00000477, -1.79998779),
Vector3.new(-0.800022125, 2.00000477, -1.79998779),
Vector3.new(1.69997406, 2.00000477, -1.79998779),
Vector3.new(1.69997406, 2.30000448, -1.79998779),
Vector3.new(1.69997406, 2.40000486, -1.79998779),
Vector3.new(1.69997406, 2.20000458, -1.79998779),
Vector3.new(5.4999733, 4.70000505, -6.09997559),
Vector3.new(5.4999733, 4.90000582, -6.09997559),
Vector3.new(1.69997406, 2.40000486, -1.79998779),
Vector3.new(5.4999733, 4.90000582, -6.09997559),
Vector3.new(4.99995422, 2.40000486, -1.79998779),
Vector3.new(4.99995422, 2.20000458, -1.79998779),
Vector3.new(5.4999733, 4.70000505, -6.09997559),
Vector3.new(4.99995422, 2.20000458, -1.79998779),
Vector3.new(4.99995422, 2.00000477, -1.79998779),
Vector3.new(1.69997406, 2.00000477, -1.79998779),
Vector3.new(-0.800027847, 2.00000477, -1.79998779),
Vector3.new(-0.800027847, 2.00000477, -2.09998322),
Vector3.new(-2.7000351, 2.00000477, -2.09998322),
Vector3.new(-3.80003929, 2.00000477, -0.699985504),
Vector3.new(-3.80003929, 3.30000734, -0.699985504),
Vector3.new(-3.80003929, 3.30000734, 0.90001297),
Vector3.new(-3.80003929, 0.700009823, 0.90001297),
Vector3.new(-2.7000351, 0.700009823, 2.49998856),
Vector3.new(-2.7000351, 2.00000858, 2.49998856),
Vector3.new(-3.80003929, 2.00000858, 0.899993896),
Vector3.new(5.49994659, 2.00000858, 0.899993896),
Vector3.new(5.49994659, 2.00000858, 2.49996948),
Vector3.new(-2.70006371, 2.00000858, 2.49996948),
Vector3.new(5.49994659, 2.00000858, 2.49996948),
Vector3.new(5.49994659, 0.700009823, 2.49996948),
Vector3.new(-2.70005989, 0.700009823, 2.49996948),
Vector3.new(5.49994659, 0.700009823, 2.49996948),
Vector3.new(5.49994659, 0.700009823, 0.899978638),
Vector3.new(-3.80006027, 0.700009823, 0.899978638),
Vector3.new(-3.80006027, 2.00000858, 0.899978638),
Vector3.new(-2.70005608, 2.00000858, 2.49995804),
Vector3.new(-0.80005455, 2.00000858, 2.49995804),
Vector3.new(-0.80005455, 2.00000858, 2.19997406),
Vector3.new(-0.80005455, 2.00000858, 0.899986267),
Vector3.new(1.49994278, 2.90000963, 0.899986267),
Vector3.new(1.49994278, 2.90000963, 2.19997025),
Vector3.new(-0.800064087, 2.00000858, 2.19997025),
Vector3.new(1.49994278, 2.90000963, 2.19997025),
Vector3.new(5.49991989, 2.90000963, 2.19997025),
Vector3.new(5.49991989, 2.90000963, 0.899990082),
Vector3.new(1.49993896, 2.90000963, 0.899990082),
Vector3.new(5.49991989, 2.90000963, 0.899990082),
Vector3.new(5.49991989, 2.00000763, 0.899990082),
Vector3.new(5.49991989, 2.00000763, 2.19997406),
Vector3.new(5.49991989, 2.90000963, 2.19997406),
Vector3.new(5.49991989, 2.00000763, 2.19997406),
Vector3.new(1.69990158, 2.00000763, 2.19997406),
Vector3.new(1.69990158, 2.30000734, 2.19997406),
Vector3.new(1.69990158, 2.40000772, 2.19997406),
Vector3.new(1.69990158, 2.20000744, 2.19997406),
Vector3.new(5.49988937, 4.70001078, 6.79995346),
Vector3.new(5.49988937, 4.90001154, 6.79995346),
Vector3.new(1.69990158, 2.40000772, 2.19997406),
Vector3.new(5.49988937, 4.90001154, 6.79995346),
Vector3.new(4.99991608, 2.40000772, 2.19997406),
Vector3.new(4.99991608, 2.20000744, 2.19997406),
Vector3.new(5.49988937, 4.70001078, 6.79995346),
Vector3.new(4.99991608, 2.20000744, 2.19997406),
Vector3.new(4.99991608, 2.00000763, 2.19997406),
Vector3.new(-0.80009079, 2.00000763, 2.19997406),
Vector3.new(-0.80009079, 2.00000763, 2.4999733),
Vector3.new(-2.7000885, 2.00000763, 2.4999733),
Vector3.new(-2.7000885, 1.3000083, 2.4999733),
Vector3.new(-1.90008545, 1.3000083, 2.4999733),
Vector3.new(-1.90008545, 1.4000082, 2.4999733),
Vector3.new(-1.90008545, 1.20000839, 2.4999733),
Vector3.new(4.99990845, 1.20000839, 9.89994812),
Vector3.new(4.99990845, 1.4000082, 9.89994812),
Vector3.new(-1.90008545, 1.4000082, 2.4999733),
Vector3.new(4.99990845, 1.4000082, 9.89994812),
Vector3.new(4.99990845, 1.4000082, 2.49998093),
Vector3.new(4.99990845, 1.20000839, 2.49998093),
Vector3.new(4.99990845, 1.20000839, 9.89994812),
Vector3.new(4.99990845, 1.20000839, 2.49998093),
Vector3.new(4.99990845, 1.3000083, 2.49998093),
Vector3.new(5.49990082, 1.3000083, 2.49998093),
Vector3.new(5.49990082, 0.700008869, 2.49998093),
Vector3.new(6.49988556, 0.400009155, 2.49998093),
Vector3.new(6.49988556, 0.400009155, 0.900005341),
Vector3.new(5.49990082, 0.700008869, 0.899993896),
Vector3.new(6.49988556, 0.400009155, 0.900005341),
Vector3.new(6.49988556, 2.40000963, 0.900005341),
Vector3.new(6.49988556, 2.40000963, 2.49998474),
Vector3.new(5.499897, 2.00000954, 2.49998474),
Vector3.new(5.499897, 2.00000954, 0.899993896),
Vector3.new(6.49988556, 2.40000963, 0.900005341),
Vector3.new(6.49988556, 2.40000963, 2.49998856),
Vector3.new(6.49988556, 0.400011063, 2.49998856),
Vector3.new(5.49990082, 0.700010777, 2.49998856),
Vector3.new(5.49990082, 0.700010777, 0.899993896),
Vector3.new(5.49990082, 0.300011158, 0.899993896),
Vector3.new(5.49990082, 0.300011158, -0.699981689),
Vector3.new(5.49990082, 0.700010777, -0.699981689),
Vector3.new(6.49988556, 0.400011063, -0.699981689),
Vector3.new(6.49988556, 0.400011063, -2.09996796),
Vector3.new(5.49990082, 0.700010777, -2.09996796),
Vector3.new(6.49988556, 0.400011063, -2.09996796),
Vector3.new(6.49988556, 2.40000963, -2.09996796),
Vector3.new(6.49988556, 2.40000963, -0.699985504),
Vector3.new(6.49988556, 0.400010109, -0.699985504),
Vector3.new(6.49988556, 2.40000963, -0.699985504),
Vector3.new(5.49990082, 2.00000954, -0.699985504),
Vector3.new(5.49990082, 2.00000954, -2.09996414),
Vector3.new(6.49988556, 2.40000963, -2.09996414),
Vector3.new(5.49990082, 2.00000954, -2.09996414),
Vector3.new(5.49990082, 2.00000954, -0.699981689),
Vector3.new(5.49990082, 0.300011158, -0.699981689),
Vector3.new(5.49990082, 0.300011158, 0.100006104),
Vector3.new(5.59989929, 0.300011158, 0.100006104)

}
